SELECT 1
SELECT 1
SELECT 176
+-----------+-------------+----------+----------+------+
| km2_antes | km2_despues |   lon    |   lat    | vert |
+-----------+-------------+----------+----------+------+
|    1.5117 |      0.7429 | -79.8984 | -26.3539 |    6 |
|    0.9387 |      0.0000 | -80.0967 | -26.2704 |    8 |
|    0.5462 |      0.0000 | -68.7127 | -56.5097 |    7 |
|    0.2183 |      0.0000 | -68.7042 | -56.5218 |    5 |
|    0.1827 |      0.0000 | -73.9080 | -38.4436 |    6 |
|    0.0547 |      0.0000 | -73.9326 | -38.4136 |    5 |
|    0.0451 |      0.0000 | -73.9423 | -38.4105 |    9 |
|    0.0439 |      0.0000 | -73.9018 | -38.4241 |    9 |
|    0.0370 |      0.0000 | -73.9678 | -38.3138 |    5 |
+-----------+-------------+----------+----------+------+
(9 filas)

+---------------+----------+----------+------+
| km2_sobrevive |   lon    |   lat    | vert |
+---------------+----------+----------+------+
|        1.5117 | -79.8984 | -26.3539 |    6 |
|        5.6316 | -65.5989 | -45.0572 |    9 |
|        7.7508 | -65.9848 | -45.1010 |   11 |
|        8.0017 | -73.3702 | -52.7180 |    8 |
|        8.3649 | -74.7306 | -51.5576 |    8 |
|        9.9334 | -74.3778 | -52.0612 |   11 |
|       10.9450 | -74.2805 | -44.0252 |    9 |
|       13.2514 | -74.5655 | -51.6143 |   11 |
|       13.6130 | -67.1961 | -55.7748 |   13 |
|       16.2778 | -74.3761 | -51.5706 |    8 |
|       19.2794 | -74.2637 | -43.3892 |   17 |
|       21.3485 | -74.5386 | -52.4720 |    9 |
+---------------+----------+----------+------+
(12 filas)

