SELECT 1
SELECT 1
SELECT 1
SELECT 173
SELECT 172
+------------------------------------------------+---------+--------+
|                      que                       |   km2   | piezas |
+------------------------------------------------+---------+--------+
| GANA  - sin simplify menos hoy                 | 39162.4 |    173 |
| PIERDE - hoy menos sin simplify                |  2066.7 |    172 |
| NETO  - resta de las areas de las dos mascaras | 37099.1 |        |
+------------------------------------------------+---------+--------+
(3 filas)

+---------+---------+---------+---------+---------+
|   km2   |   lon   |   lat   | lat_min | lat_max |
+---------+---------+---------+---------+---------+
| 21661.0 | -69.387 | -57.768 |  -58.32 |  -56.89 |
| 14562.3 | -82.363 | -25.291 |  -29.04 |  -23.24 |
|   147.7 | -77.074 | -24.910 |  -25.94 |  -23.73 |
|   143.1 | -77.145 | -38.993 |  -39.52 |  -38.25 |
|   121.2 | -77.139 | -37.601 |  -38.01 |  -37.22 |
|    78.1 | -80.677 | -36.481 |  -36.51 |  -36.45 |
|    78.0 | -75.270 | -17.879 |  -18.53 |  -16.79 |
|    62.9 | -74.776 | -28.394 |  -28.62 |  -28.19 |
|    59.1 | -73.557 | -21.734 |  -21.94 |  -21.48 |
|    56.0 | -74.356 | -27.228 |  -27.47 |  -26.95 |
|    50.9 | -74.506 | -56.176 |  -56.33 |  -55.74 |
|    48.2 | -77.164 | -31.155 |  -31.25 |  -31.07 |
|    45.7 | -74.834 | -28.989 |  -29.19 |  -28.81 |
|    40.8 | -64.882 | -52.598 |  -52.70 |  -52.33 |
|    39.6 | -62.405 | -47.253 |  -47.45 |  -47.08 |
|    39.5 | -76.604 | -26.729 |  -26.96 |  -26.56 |
|    39.1 | -76.756 | -27.319 |  -27.51 |  -27.16 |
|    38.6 | -76.589 | -26.126 |  -26.41 |  -25.95 |
|    37.0 | -77.041 | -27.870 |  -28.02 |  -27.73 |
|    33.2 | -77.448 | -28.357 |  -28.47 |  -28.24 |
|    32.5 | -76.746 | -54.594 |  -54.79 |  -54.46 |
|    32.2 | -80.369 | -30.887 |  -30.91 |  -30.87 |
|    31.6 | -73.942 | -23.692 |  -23.90 |  -23.53 |
|    30.9 | -83.362 | -35.461 |  -35.57 |  -35.33 |
|    30.3 | -73.898 | -24.510 |  -24.65 |  -24.32 |
|    30.3 | -64.475 | -50.222 |  -50.46 |  -50.06 |
|    29.6 | -81.722 | -36.378 |  -36.42 |  -36.33 |
|    29.6 | -81.020 | -30.879 |  -30.90 |  -30.87 |
|    29.5 | -82.310 | -36.180 |  -36.25 |  -36.09 |
|    28.0 | -74.517 | -27.646 |  -27.79 |  -27.52 |
|    27.9 | -77.961 | -28.759 |  -28.84 |  -28.67 |
|    26.9 | -64.132 | -52.772 |  -52.82 |  -52.72 |
|    26.3 | -73.979 | -25.178 |  -25.39 |  -25.02 |
|    26.3 | -76.334 | -35.523 |  -35.62 |  -35.42 |
|    26.0 | -78.485 | -30.775 |  -30.81 |  -30.76 |
|    25.7 | -83.772 | -34.917 |  -35.04 |  -34.80 |
|    25.6 | -73.531 | -20.844 |  -20.98 |  -20.72 |
|    25.1 | -81.668 | -30.984 |  -31.06 |  -30.94 |
|    25.1 | -65.505 | -57.512 |  -57.59 |  -57.44 |
|    24.8 | -62.549 | -46.605 |  -46.74 |  -46.47 |
|    23.7 | -73.944 | -19.708 |  -19.82 |  -19.61 |
|    23.5 | -76.618 | -35.990 |  -36.10 |  -35.87 |
|    23.1 | -73.787 | -22.314 |  -22.45 |  -22.18 |
|    21.9 | -78.561 | -29.060 |  -29.11 |  -29.00 |
|    21.4 | -76.818 | -36.429 |  -36.63 |  -36.19 |
|    21.4 | -78.991 | -46.325 |  -46.51 |  -46.19 |
|    21.4 | -79.347 | -36.379 |  -36.40 |  -36.35 |
|    21.1 | -82.329 | -31.221 |  -31.41 |  -31.12 |
|    20.7 | -77.146 | -54.256 |  -54.38 |  -54.14 |
|    20.1 | -74.056 | -25.794 |  -25.99 |  -25.66 |
|    19.8 | -61.704 | -41.266 |  -41.51 |  -41.12 |
|    19.7 | -73.924 | -23.147 |  -23.29 |  -23.03 |
|    19.6 | -82.813 | -35.913 |  -35.99 |  -35.81 |
|    19.4 | -63.560 | -52.920 |  -52.99 |  -52.86 |
|    19.2 | -74.862 | -32.062 |  -32.23 |  -31.85 |
|    18.8 | -61.714 | -43.591 |  -43.76 |  -43.29 |
|    18.6 | -78.032 | -36.307 |  -36.34 |  -36.26 |
|    17.0 | -64.927 | -57.299 |  -57.38 |  -57.23 |
|    16.3 | -77.443 | -41.889 |  -42.06 |  -41.58 |
|    16.2 | -74.981 | -31.319 |  -31.44 |  -31.14 |
|    16.1 | -78.485 | -44.490 |  -44.61 |  -44.39 |
|    16.1 | -84.017 | -34.327 |  -34.45 |  -34.23 |
|    16.0 | -78.005 | -30.854 |  -30.90 |  -30.82 |
|    15.8 | -78.511 | -44.955 |  -45.07 |  -44.84 |
|    15.4 | -77.405 | -36.138 |  -36.19 |  -36.06 |
|    14.7 | -62.448 | -47.983 |  -48.18 |  -47.80 |
|    14.6 | -76.944 | -36.866 |  -36.95 |  -36.75 |
|    14.3 | -76.844 | -35.879 |  -35.94 |  -35.77 |
|    14.2 | -64.060 | -56.690 |  -56.81 |  -56.59 |
|    14.1 | -74.673 | -19.037 |  -19.23 |  -18.66 |
|    14.0 | -65.066 | -52.067 |  -52.16 |  -51.96 |
|    13.9 | -74.127 | -19.542 |  -19.60 |  -19.48 |
|    13.8 | -75.022 | -30.541 |  -30.65 |  -30.41 |
|    13.8 | -78.075 | -43.080 |  -43.18 |  -42.92 |
|    13.4 | -78.297 | -43.960 |  -44.08 |  -43.87 |
|    13.1 | -64.461 | -57.035 |  -57.12 |  -56.96 |
|    13.1 | -78.523 | -45.419 |  -45.53 |  -45.33 |
|    13.0 | -75.956 | -35.122 |  -35.18 |  -35.06 |
|    12.9 | -78.600 | -36.379 |  -36.39 |  -36.37 |
|    12.4 | -78.818 | -45.843 |  -45.95 |  -45.76 |
|    12.1 | -63.060 | -53.121 |  -53.19 |  -53.06 |
|    12.1 | -62.016 | -55.289 |  -55.44 |  -55.17 |
|    12.0 | -78.829 | -50.571 |  -50.66 |  -50.47 |
|    11.8 | -77.878 | -42.613 |  -42.71 |  -42.45 |
|    11.8 | -78.962 | -49.405 |  -49.60 |  -49.28 |
|    11.8 | -62.436 | -55.834 |  -55.94 |  -55.70 |
|    11.6 | -74.238 | -26.693 |  -26.79 |  -26.56 |
|    11.4 | -77.157 | -40.341 |  -40.59 |  -40.20 |
|    11.3 | -77.260 | -40.922 |  -41.11 |  -40.65 |
|    10.9 | -73.477 | -21.374 |  -21.46 |  -21.27 |
|    10.8 | -62.575 | -53.410 |  -53.49 |  -53.34 |
|    10.8 | -61.955 | -54.110 |  -54.20 |  -54.02 |
|    10.8 | -62.205 | -53.743 |  -53.83 |  -53.66 |
|    10.7 | -75.118 | -33.163 |  -33.30 |  -33.08 |
|    10.6 | -61.835 | -54.496 |  -54.58 |  -54.40 |
|    10.5 | -75.034 | -32.634 |  -32.77 |  -32.54 |
|    10.4 | -79.287 | -29.259 |  -29.28 |  -29.23 |
|    10.3 | -78.993 | -48.523 |  -48.61 |  -48.42 |
|    10.2 | -61.851 | -54.884 |  -54.97 |  -54.79 |
|    10.1 | -62.888 | -56.184 |  -56.24 |  -56.13 |
|    10.1 | -77.024 | -39.791 |  -39.86 |  -39.71 |
|     9.6 | -78.011 | -53.121 |  -53.20 |  -53.01 |
|     9.5 | -73.508 | -56.425 |  -56.47 |  -56.38 |
|     9.4 | -77.829 | -53.498 |  -53.57 |  -53.39 |
|     9.0 | -61.966 | -44.839 |  -44.94 |  -44.66 |
|     8.9 | -62.776 | -48.909 |  -48.99 |  -48.78 |
|     8.7 | -79.236 | -30.769 |  -30.78 |  -30.76 |
|     8.6 | -64.721 | -50.708 |  -50.88 |  -50.58 |
|     8.5 | -74.093 | -26.170 |  -26.24 |  -26.13 |
|     8.4 | -65.224 | -51.644 |  -51.73 |  -51.57 |
|     8.4 | -77.572 | -42.195 |  -42.27 |  -42.11 |
|     8.3 | -84.096 | -33.711 |  -33.83 |  -33.63 |
|     8.3 | -62.554 | -48.512 |  -48.60 |  -48.37 |
|     8.3 | -76.491 | -31.580 |  -31.63 |  -31.50 |
|     8.1 | -62.669 | -46.195 |  -46.28 |  -46.05 |
|     8.0 | -77.351 | -41.456 |  -41.55 |  -41.38 |
|     7.9 | -72.845 | -56.625 |  -56.68 |  -56.58 |
|     7.8 | -76.342 | -55.041 |  -55.12 |  -54.98 |
|     7.8 | -78.890 | -47.883 |  -47.96 |  -47.77 |
|     7.8 | -78.921 | -48.085 |  -48.14 |  -48.04 |
|     7.4 | -62.404 | -45.766 |  -45.86 |  -45.60 |
|     7.3 | -75.442 | -33.579 |  -33.69 |  -33.37 |
|     6.9 | -78.767 | -51.072 |  -51.13 |  -50.99 |
|     6.6 | -75.487 | -34.094 |  -34.18 |  -33.93 |
|     5.8 | -73.530 | -20.106 |  -20.15 |  -20.06 |
|     5.6 | -75.523 | -33.030 |  -33.15 |  -32.80 |
|     5.4 | -78.973 | -49.072 |  -49.12 |  -49.02 |
|     5.4 | -61.819 | -43.980 |  -44.05 |  -43.91 |
|     5.4 | -73.521 | -20.340 |  -20.45 |  -20.27 |
|     4.9 | -63.608 | -56.518 |  -56.55 |  -56.48 |
|     4.8 | -78.375 | -52.417 |  -52.53 |  -52.35 |
|     4.8 | -72.191 | -56.827 |  -56.86 |  -56.76 |
|     4.6 | -61.899 | -44.438 |  -44.52 |  -44.34 |
|     4.4 | -75.758 | -32.458 |  -32.62 |  -32.13 |
|     4.4 | -77.048 | -39.955 |  -40.06 |  -39.88 |
|     4.4 | -79.035 | -46.722 |  -46.91 |  -46.57 |
|     4.3 | -74.813 | -29.300 |  -29.36 |  -29.22 |
|     4.1 | -77.546 | -53.825 |  -53.89 |  -53.75 |
|     3.1 | -78.241 | -52.593 |  -52.67 |  -52.56 |
|     3.0 | -73.896 | -24.806 |  -24.85 |  -24.73 |
|     3.0 | -75.360 | -16.294 |  -16.48 |  -16.20 |
|     2.6 | -75.166 | -15.719 |  -15.89 |  -15.63 |
|     2.6 | -75.771 | -55.612 |  -55.69 |  -55.47 |
|     2.5 | -75.338 | -33.926 |  -33.96 |  -33.89 |
|     2.3 | -61.685 | -41.928 |  -42.10 |  -41.79 |
|     2.3 | -78.627 | -51.817 |  -51.85 |  -51.79 |
|     2.2 | -74.862 | -15.187 |  -15.34 |  -15.11 |
|     1.9 | -77.404 | -53.979 |  -54.03 |  -53.89 |
|     1.9 | -62.173 | -55.537 |  -55.57 |  -55.50 |
|     1.7 | -74.461 | -14.719 |  -14.85 |  -14.65 |
|     1.7 | -75.017 | -31.026 |  -31.13 |  -30.97 |
|     1.4 | -76.106 | -55.290 |  -55.37 |  -55.19 |
|     1.2 | -73.976 | -14.331 |  -14.44 |  -14.28 |
|     1.0 | -74.992 | -30.075 |  -30.11 |  -30.04 |
+---------+---------+---------+---------+---------+
(154 filas)

+----------------------+-----------------+----------+
|        nombre        | km2_que_ganaria | km2_hoy  |
+----------------------+-----------------+----------+
| Antofagasta          |          6084.7 | 102158.0 |
| Taltal               |          4056.1 | 161418.3 |
| Caldera              |          2492.9 | 134710.5 |
| Chanaral             |          1306.3 |  65172.9 |
| Huasco               |          1286.5 | 106205.1 |
| Constitucion         |           143.4 | 135075.2 |
| Los Vilos            |           139.3 | 128147.4 |
| Tongoy               |           126.7 |  32945.1 |
| Carahue              |           116.2 |  32531.1 |
| Lebu                 |            86.2 |  38126.1 |
| Tocopilla            |            83.6 |  48851.0 |
| Mejillones           |            65.9 |  23862.4 |
| Punta Arenas         |            59.8 | 130239.8 |
| Puerto Chacabuco     |            59.4 | 115088.8 |
| Puerto Natales       |            53.1 | 127030.6 |
| Iquique              |            48.9 |  58794.4 |
| Lota                 |            45.2 |  12746.4 |
| Puerto Cisnes        |            37.6 |   7427.5 |
| Patache              |            35.2 |  31669.8 |
| Maullin              |            32.3 |  51831.3 |
| Melinka              |            29.5 |  41753.1 |
| Valdivia             |            27.1 |  16483.4 |
| Puerto Aguirre       |            26.9 |  36651.5 |
| Chaiten              |            25.1 |   4106.3 |
| Pichilemu            |            24.8 | 101676.3 |
| Coquimbo             |            15.7 |  36949.4 |
| Rio Negro Hornopiren |            15.6 |    316.9 |
| Valparaiso           |            15.5 |  44448.3 |
| San Antonio          |            14.2 |  47945.7 |
| Quellon              |            13.8 |  36130.4 |
| Coronel              |            13.1 |   9266.6 |
| Calbuco              |            13.0 |    918.8 |
| Papudo               |            11.6 |  57098.8 |
| Chonchi              |            11.4 |  15852.7 |
| Ancud                |            11.3 |   8869.2 |
| Quemchi              |            11.3 |  15451.6 |
| Achao                |             8.9 |    889.9 |
| Castro               |             8.9 |  11387.0 |
| Puerto Montt         |             7.9 |    290.7 |
| Corral               |             7.2 |  13370.6 |
| Quintero             |             4.5 |  33340.3 |
| Algarrobo            |             2.0 |  31645.3 |
| San Vicente          |             1.6 |   4094.6 |
+----------------------+-----------------+----------+
(43 filas)

+-------------------------------------+----+
|                 que                 | n  |
+-------------------------------------+----+
| maritimas construidas con geometria | 44 |
+-------------------------------------+----+
(1 fila)

